         Age_diff (years)               Probability                 HPD_68.2%                 HPD_95.4% 
                      125                         0                         0                         0 
                      130               5.41009e-75                         0                         0 
                      135               2.59684e-74                         0                         0 
                      140               3.40836e-73                         0                         0 
                      145                3.3759e-73                         0                         0 
                      150               4.72301e-72                         0                         0 
                      155               4.70029e-72                         0                         0 
                      160               6.57813e-71                         0                         0 
                      165               6.54664e-71                         0                         0 
                      170               9.16215e-70                         0                         0 
                      175                9.1183e-70                         0                         0 
                      180               1.27612e-68                         0                         0 
                      185               1.27002e-68                         0                         0 
                      190               1.77741e-67                         0                         0 
                      195                1.7689e-67                         0                         0 
                      200               2.47561e-66                         0                         0 
                      205               2.46376e-66                         0                         0 
                      210               3.44809e-65                         0                         0 
                      215               3.43158e-65                         0                         0 
                      220               4.80256e-64                         0                         0 
                      225               4.77958e-64                         0                         0 
                      230               6.68911e-63                         0                         0 
                      235               6.65709e-63                         0                         0 
                      240               9.31672e-62                         0                         0 
                      245               9.27213e-62                         0                         0 
                      250               1.29765e-60                         0                         0 
                      255               1.29144e-60                         0                         0 
                      260                1.8074e-59                         0                         0 
                      265               1.79875e-59                         0                         0 
                      270               2.51738e-58                         0                         0 
                      275               2.50533e-58                         0                         0 
                      280               3.50626e-57                         0                         0 
                      285               3.48947e-57                         0                         0 
                      290               4.88358e-56                         0                         0 
                      295               4.86021e-56                         0                         0 
                      300               6.80195e-55                         0                         0 
                      305                6.7694e-55                         0                         0 
                      310                9.4739e-54                         0                         0 
                      315               9.42856e-54                         0                         0 
                      320               1.31954e-52                         0                         0 
                      325               1.31323e-52                         0                         0 
                      330               1.83789e-51                         0                         0 
                      335               1.82909e-51                         0                         0 
                      340               2.55985e-50                         0                         0 
                      345                2.5476e-50                         0                         0 
                      350               3.56541e-49                         0                         0 
                      355               3.54834e-49                         0                         0 
                      360               4.96597e-48                         0                         0 
                      365                4.9422e-48                         0                         0 
                      370               6.91671e-47                         0                         0 
                      375                6.8836e-47                         0                         0 
                      380               9.63373e-46                         0                         0 
                      385               9.58762e-46                         0                         0 
                      390               1.34181e-44                         0                         0 
                      395               1.33538e-44                         0                         0 
                      400               1.86889e-43                         0                         0 
                      405               1.85995e-43                         0                         0 
                      410               2.60303e-42                         0                         0 
                      415               2.59057e-42                         0                         0 
                      420               3.62556e-41                         0                         0 
                      425               3.60821e-41                         0                         0 
                      430               5.04975e-40                         0                         0 
                      435               5.02558e-40                         0                         0 
                      440                7.0334e-39                         0                         0 
                      445               6.99973e-39                         0                         0 
                      450               9.79626e-38                         0                         0 
                      455               9.74937e-38                         0                         0 
                      460               1.36444e-36                         0                         0 
                      465               1.35791e-36                         0                         0 
                      470               1.90042e-35                         0                         0 
                      475               1.89133e-35                         0                         0 
                      480               2.64695e-34                         0                         0 
                      485               2.63428e-34                         0                         0 
                      490               3.68672e-33                         0                         0 
                      495               3.66908e-33                         0                         0 
                      500               5.13494e-32                         0                         0 
                      505               5.11037e-32                         0                         0 
                      510               7.15205e-31                         0                         0 
                      515               7.11782e-31                         0                         0 
                      520               9.96153e-30                         0                         0 
                      525               9.91385e-30                         0                         0 
                      530               1.38746e-28                         0                         0 
                      535               1.38082e-28                         0                         0 
                      540               1.93248e-27                         0                         0 
                      545               1.92323e-27                         0                         0 
                      550                2.6916e-26                         0                         0 
                      555               2.67872e-26                         0                         0 
                      560               3.74892e-25                         0                         0 
                      565               3.73098e-25                         0                         0 
                      570               5.22157e-24                         0                         0 
                      575               5.19658e-24                         0                         0 
                      580               7.27272e-23                         0                         0 
                      585                7.2379e-23                         0                         0 
                      590               1.01296e-21                         0                         0 
                      595               1.00811e-21                         0                         0 
                      600               1.41087e-20                         0                         0 
                      605               1.40412e-20                         0                         0 
                      610               1.96509e-19                         0                         0 
                      615               1.95568e-19                         0                         0 
                      620               2.73701e-18                         0                         0 
                      625               2.72391e-18                         0                         0 
                      630               3.81217e-17                         0                         0 
                      635               3.79392e-17                         0                         0 
                      640               5.30966e-16                         0                         0 
                      645               5.28425e-16                         0                         0 
                      650               7.39541e-15                         0                         0 
                      655               7.36001e-15                         0                         0 
                      660               1.03005e-13                         0                         0 
                      665               1.02512e-13                         0                         0 
                      670               1.43467e-12                         0                         0 
                      675                1.4278e-12                         0                         0 
                      680               1.99824e-11                         0                         0 
                      685               1.98867e-11                         0                         0 
                      690               2.78319e-10                         0                         0 
                      695               2.76987e-10                         0                         0 
                      700               3.87648e-09                         0                         0 
                      705               3.85793e-09                         0                         0 
                      710               5.39924e-08                         0                         0 
                      715                5.3734e-08                         0                         0 
                      720               7.52017e-07                         0                         0 
                      725               7.48418e-07                         0                         0 
                      730               1.04743e-05                         0                         0 
                      735               1.04241e-05                         0                         0 
                      740               0.000145887                         0                         0 
                      745               0.000237559                         0                         0 
                      750               0.000330542                         0                         0 
                      755               0.000454442                         0                         0 
                      760               0.000454442                         0                         0 
                      765               0.000318979                         0                         0 
                      770               0.000317677                         0                         0 
                      775               0.000473725                         0                         0 
                      780               0.000448762                         0                         0 
                      785               0.000448762                         0                         0 
                      790               0.000683135                         0                         0 
                      795               0.000936186                         0                         0 
                      800               0.000870084                         0                         0 
                      805               0.000881442                         0                         0 
                      810               0.000881442                         0                         0 
                      815               0.000787398                         0                         0 
                      820               0.000544978                         0                         0 
                      825               0.000412851                         0                         0 
                      830               0.000585853                         0                         0 
                      835                0.00115673                         0                         0 
                      840                0.00142949                         0                         0 
                      845                0.00149627                         0                         0 
                      850                0.00215224                         0                0.00215224 
                      855                0.00245121                         0                0.00245121 
                      860                0.00188033                         0                         0 
                      865                0.00181353                         0                         0 
                      870                0.00213874                         0                0.00213874 
                      875                0.00210054                         0                0.00210054 
                      880                0.00252608                         0                0.00252608 
                      885                0.00316874                         0                0.00316874 
                      890                0.00341974                         0                0.00341974 
                      895                0.00348175                         0                0.00348175 
                      900                0.00358066                         0                0.00358066 
                      905                0.00312306                         0                0.00312306 
                      910                 0.0036587                         0                 0.0036587 
                      915                0.00436547                         0                0.00436547 
                      920                0.00399238                         0                0.00399238 
                      925                0.00418004                         0                0.00418004 
                      930                0.00559626                         0                0.00559626 
                      935                0.00691884                         0                0.00691884 
                      940                 0.0079853                         0                 0.0079853 
                      945                0.00897407                0.00897407                0.00897407 
                      950                0.00873595                         0                0.00873595 
                      955                0.00869966                         0                0.00869966 
                      960                0.00788708                         0                0.00788708 
                      965                 0.0069882                         0                 0.0069882 
                      970                0.00780873                         0                0.00780873 
                      975                 0.0102089                 0.0102089                 0.0102089 
                      980                 0.0105504                 0.0105504                 0.0105504 
                      985                0.00917566                0.00917566                0.00917566 
                      990                 0.0113436                 0.0113436                 0.0113436 
                      995                 0.0130156                 0.0130156                 0.0130156 
                     1000                 0.0125308                 0.0125308                 0.0125308 
                     1005                 0.0139936                 0.0139936                 0.0139936 
                     1010                 0.0164003                 0.0164003                 0.0164003 
                     1015                 0.0148776                 0.0148776                 0.0148776 
                     1020                 0.0131804                 0.0131804                 0.0131804 
                     1025                 0.0125229                 0.0125229                 0.0125229 
                     1030                 0.0102727                 0.0102727                 0.0102727 
                     1035                0.00916822                0.00916822                0.00916822 
                     1040                0.00925944                0.00925944                0.00925944 
                     1045                0.00880333                         0                0.00880333 
                     1050                0.00814486                         0                0.00814486 
                     1055                0.00944111                0.00944111                0.00944111 
                     1060                  0.010894                  0.010894                  0.010894 
                     1065                 0.0109614                 0.0109614                 0.0109614 
                     1070                 0.0122285                 0.0122285                 0.0122285 
                     1075                 0.0142677                 0.0142677                 0.0142677 
                     1080                 0.0144105                 0.0144105                 0.0144105 
                     1085                 0.0141915                 0.0141915                 0.0141915 
                     1090                 0.0161203                 0.0161203                 0.0161203 
                     1095                 0.0175931                 0.0175931                 0.0175931 
                     1100                 0.0163505                 0.0163505                 0.0163505 
                     1105                 0.0162605                 0.0162605                 0.0162605 
                     1110                 0.0172653                 0.0172653                 0.0172653 
                     1115                  0.016326                  0.016326                  0.016326 
                     1120                 0.0148929                 0.0148929                 0.0148929 
                     1125                 0.0161833                 0.0161833                 0.0161833 
                     1130                 0.0166404                 0.0166404                 0.0166404 
                     1135                 0.0153151                 0.0153151                 0.0153151 
                     1140                 0.0153757                 0.0153757                 0.0153757 
                     1145                 0.0158608                 0.0158608                 0.0158608 
                     1150                 0.0168497                 0.0168497                 0.0168497 
                     1155                 0.0177904                 0.0177904                 0.0177904 
                     1160                 0.0190176                 0.0190176                 0.0190176 
                     1165                 0.0197451                 0.0197451                 0.0197451 
                     1170                 0.0179995                 0.0179995                 0.0179995 
                     1175                 0.0158834                 0.0158834                 0.0158834 
                     1180                 0.0147327                 0.0147327                 0.0147327 
                     1185                  0.011885                  0.011885                  0.011885 
                     1190                 0.0100767                 0.0100767                 0.0100767 
                     1195                 0.0111886                 0.0111886                 0.0111886 
                     1200                 0.0115385                 0.0115385                 0.0115385 
                     1205                 0.0108209                 0.0108209                 0.0108209 
                     1210                 0.0121453                 0.0121453                 0.0121453 
                     1215                 0.0123485                 0.0123485                 0.0123485 
                     1220                 0.0114072                 0.0114072                 0.0114072 
                     1225                 0.0107841                 0.0107841                 0.0107841 
                     1230                 0.0100323                 0.0100323                 0.0100323 
                     1235                0.00887906                         0                0.00887906 
                     1240                0.00826446                         0                0.00826446 
                     1245                0.00888625                         0                0.00888625 
                     1250                0.00880715                         0                0.00880715 
                     1255                0.00790377                         0                0.00790377 
                     1260                0.00741098                         0                0.00741098 
                     1265                0.00729608                         0                0.00729608 
                     1270                0.00585699                         0                0.00585699 
                     1275                0.00455343                         0                0.00455343 
                     1280                0.00582568                         0                0.00582568 
                     1285                0.00682365                         0                0.00682365 
                     1290                0.00634265                         0                0.00634265 
                     1295                0.00607257                         0                0.00607257 
                     1300                0.00584001                         0                0.00584001 
                     1305                0.00524665                         0                0.00524665 
                     1310                0.00426538                         0                0.00426538 
                     1315                0.00340262                         0                0.00340262 
                     1320                0.00364978                         0                0.00364978 
                     1325                0.00412166                         0                0.00412166 
                     1330                0.00318255                         0                0.00318255 
                     1335                 0.0028794                         0                 0.0028794 
                     1340                0.00263942                         0                0.00263942 
                     1345                0.00210879                         0                0.00210879 
                     1350                0.00207992                         0                0.00207992 
                     1355                0.00212849                         0                0.00212849 
                     1360                0.00196319                         0                         0 
                     1365                 0.0025758                         0                 0.0025758 
                     1370                0.00268224                         0                0.00268224 
                     1375                0.00224156                         0                0.00224156 
                     1380                 0.0021037                         0                 0.0021037 
                     1385                0.00196861                         0                         0 
                     1390                0.00172687                         0                         0 
                     1395                0.00170208                         0                         0 
                     1400                0.00144518                         0                         0 
                     1405                0.00130168                         0                         0 
                     1410                0.00146587                         0                         0 
                     1415                0.00127479                         0                         0 
                     1420                0.00120808                         0                         0 
                     1425                0.00107487                         0                         0 
                     1430                0.00110341                         0                         0 
                     1435                0.00112897                         0                         0 
                     1440               0.000997971                         0                         0 
                     1445               0.000898284                         0                         0 
                     1450               0.000898284                         0                         0 
                     1455               0.000673686                         0                         0 
                     1460               0.000483938                         0                         0 
                     1465               0.000428176                         0                         0 
                     1470               0.000282353                         0                         0 
                     1475               0.000282353                         0                         0 
                     1480                0.00026288                         0                         0 
                     1485                0.00026288                         0                         0 
                     1490               0.000135534                         0                         0 
                     1495               9.95758e-06                         0                         0 
                     1500               9.95758e-06                         0                         0 
                     1505               9.95758e-06                         0                         0 
                     1510               9.95758e-06                         0                         0 
                     1515               0.000135866                         0                         0 
                     1520               0.000261774                         0                         0 
                     1525               0.000261774                         0                         0 
                     1530               0.000262438                         0                         0 
                     1535               0.000262438                         0                         0 
                     1540               0.000145823                         0                         0 
                     1545               1.94726e-05                         0                         0 
                     1550               0.000145823                         0                         0 
                     1555               0.000262438                         0                         0 
                     1560               0.000262438                         0                         0 
                     1565               0.000261774                         0                         0 
                     1570               0.000261774                         0                         0 
                     1575               0.000136087                         0                         0 
                     1580                9.7363e-06                         0                         0 
                     1585                9.7363e-06                         0                         0 
                     1590               6.63839e-07                         0                         0 
                     1595               6.63839e-07                         0                         0 
                     1600                         0                         0                         0 
                     1605                         0                         0                         0 
                     1610                         0                         0                         0 
                     1615                         0                         0                         0 
                     1620                         0                         0                         0 
                     1625                         0                         0                         0 
                     1630                         0                         0                         0 
                     1635                         0                         0                         0 
                     1640                         0                         0                         0 
                     1645                         0                         0                         0 
                     1650                         0                         0                         0 
                     1655                         0                         0                         0 
                     1660                         0                         0                         0 
                     1665                         0                         0                         0 
                     1670                         0                         0                         0 
                     1675                         0                         0                         0 
                     1680                         0                         0                         0 
                     1685                         0                         0                         0 
                     1690                         0                         0                         0 
                     1695                         0                         0                         0 
                     1700                         0                         0                         0 
                     1705                         0                         0                         0 
                     1710                         0                         0                         0 
                     1715                         0                         0                         0 
                     1720                         0                         0                         0 
                     1725                         0                         0                         0 
                     1730                         0                         0                         0 
                     1735                         0                         0                         0 
                     1740                         0                         0                         0 
                     1745                         0                         0                         0 
                     1750                         0                         0                         0 
                     1755                         0                         0                         0 
                     1760                         0                         0                         0 
                     1765                         0                         0                         0 
                     1770                         0                         0                         0 
                     1775                         0                         0                         0 
                     1780                         0                         0                         0 
                     1785                         0                         0                         0 
                     1790                         0                         0                         0 
                     1795                         0                         0                         0 
                     1800                         0                         0                         0 
                     1805                         0                         0                         0 
                     1810                         0                         0                         0 
                     1815                         0                         0                         0 
                     1820                         0                         0                         0 
                     1825                         0                         0                         0 
                     1830                         0                         0                         0 
                     1835                         0                         0                         0 
                     1840                         0                         0                         0 
                     1845                         0                         0                         0 
                     1850                         0                         0                         0 
                     1855                         0                         0                         0 
                     1860                         0                         0                         0 
                     1865                         0                         0                         0 
                     1870                         0                         0                         0 
                     1875                         0                         0                         0 
                     1880                         0                         0                         0 
                     1885                         0                         0                         0 
                     1890                         0                         0                         0 
                     1895                         0                         0                         0 
                     1900                         0                         0                         0 
                     1905                         0                         0                         0 
                     1910                         0                         0                         0 
                     1915                         0                         0                         0 
                     1920                         0                         0                         0 
                     1925                         0                         0                         0 
                     1930                         0                         0                         0 
                     1935                         0                         0                         0 
                     1940                         0                         0                         0 
                     1945                         0                         0                         0 
                     1950                         0                         0                         0 
                     1955                         0                         0                         0 
                     1960                         0                         0                         0 
                     1965                         0                         0                         0 
                     1970                         0                         0                         0 
                     1975                         0                         0                         0 
                     1980                         0                         0                         0 
                     1985                         0                         0                         0 
                     1990                         0                         0                         0 
                     1995                         0                         0                         0 
                     2000                         0                         0                         0 
                     2005                         0                         0                         0 
                     2010                         0                         0                         0 
                     2015                         0                         0                         0 
                     2020                         0                         0                         0 
                     2025                         0                         0                         0 
                     2030                         0                         0                         0 
                     2035                         0                         0                         0 
                     2040                         0                         0                         0 
                     2045                         0                         0                         0 
                     2050                         0                         0                         0 
                     2055                         0                         0                         0 
                     2060                         0                         0                         0 
                     2065                         0                         0                         0 
                     2070                         0                         0                         0 
                     2075                         0                         0                         0 
                     2080                         0                         0                         0 
                     2085                         0                         0                         0 
                     2090                         0                         0                         0 
                     2095                         0                         0                         0 
                     2100                         0                         0                         0 
                     2105                         0                         0                         0 
                     2110                         0                         0                         0 
                     2115                         0                         0                         0 
                     2120                         0                         0                         0 
                     2125                         0                         0                         0 
                     2130                         0                         0                         0 
                     2135                         0                         0                         0 
                     2140                         0                         0                         0 
                     2145                         0                         0                         0 
                     2150                         0                         0                         0 
                     2155                         0                         0                         0 
                     2160                         0                         0                         0 
                     2165                         0                         0                         0 
                     2170                         0                         0                         0 
                     2175                         0                         0                         0 
                     2180                         0                         0                         0 
                     2185                         0                         0                         0 
                     2190                         0                         0                         0 
