         Mean_age (years)               Probability                 HPD_68.2%                 HPD_95.4% 
                    -4880              5.69241e-221                         0                         0 
                    -4875              3.79494e-221                         0                         0 
                    -4870              1.70772e-220                         0                         0 
                    -4865              1.59388e-220                         0                         0 
                    -4860              2.22004e-219                         0                         0 
                    -4855              2.20866e-219                         0                         0 
                    -4850              3.09098e-218                         0                         0 
                    -4845              3.07618e-218                         0                         0 
                    -4840              4.30517e-217                         0                         0 
                    -4835              4.28457e-217                         0                         0 
                    -4830              5.99633e-216                         0                         0 
                    -4825              5.96763e-216                         0                         0 
                    -4820              8.35181e-215                         0                         0 
                    -4815              8.31184e-215                         0                         0 
                    -4810              1.16326e-213                         0                         0 
                    -4805              1.15769e-213                         0                         0 
                    -4800              1.62021e-212                         0                         0 
                    -4795              1.61245e-212                         0                         0 
                    -4790              2.25666e-211                         0                         0 
                    -4785              2.24586e-211                         0                         0 
                    -4780              3.14312e-210                         0                         0 
                    -4775              3.12808e-210                         0                         0 
                    -4770               4.3778e-209                         0                         0 
                    -4765              4.35685e-209                         0                         0 
                    -4760              6.09749e-208                         0                         0 
                    -4755              6.06831e-208                         0                         0 
                    -4750              8.49271e-207                         0                         0 
                    -4745              8.45206e-207                         0                         0 
                    -4740              1.18288e-205                         0                         0 
                    -4735              1.17722e-205                         0                         0 
                    -4730              1.64754e-204                         0                         0 
                    -4725              1.63966e-204                         0                         0 
                    -4720              2.29473e-203                         0                         0 
                    -4715              2.28375e-203                         0                         0 
                    -4710              3.19615e-202                         0                         0 
                    -4705              3.18085e-202                         0                         0 
                    -4700              4.45166e-201                         0                         0 
                    -4695              4.43035e-201                         0                         0 
                    -4690              6.20036e-200                         0                         0 
                    -4685              6.17068e-200                         0                         0 
                    -4680              8.63599e-199                         0                         0 
                    -4675              8.59465e-199                         0                         0 
                    -4670              1.20284e-197                         0                         0 
                    -4665              1.19708e-197                         0                         0 
                    -4660              1.67534e-196                         0                         0 
                    -4655              1.66732e-196                         0                         0 
                    -4650              2.33344e-195                         0                         0 
                    -4645              2.32227e-195                         0                         0 
                    -4640              3.25007e-194                         0                         0 
                    -4635              3.23451e-194                         0                         0 
                    -4630              4.52676e-193                         0                         0 
                    -4625              4.50509e-193                         0                         0 
                    -4620              6.30496e-192                         0                         0 
                    -4615              6.27479e-192                         0                         0 
                    -4610              8.78168e-191                         0                         0 
                    -4605              8.73965e-191                         0                         0 
                    -4600              1.22313e-189                         0                         0 
                    -4595              1.21728e-189                         0                         0 
                    -4590               1.7036e-188                         0                         0 
                    -4585              1.69545e-188                         0                         0 
                    -4580              2.37281e-187                         0                         0 
                    -4575              2.36145e-187                         0                         0 
                    -4570               3.3049e-186                         0                         0 
                    -4565              3.28908e-186                         0                         0 
                    -4560              4.60313e-185                         0                         0 
                    -4555               4.5811e-185                         0                         0 
                    -4550              6.41133e-184                         0                         0 
                    -4545              6.38064e-184                         0                         0 
                    -4540              8.92983e-183                         0                         0 
                    -4535              8.88709e-183                         0                         0 
                    -4530              1.24377e-181                         0                         0 
                    -4525              1.23781e-181                         0                         0 
                    -4520              1.73234e-180                         0                         0 
                    -4515              1.72405e-180                         0                         0 
                    -4510              2.41284e-179                         0                         0 
                    -4505              2.40129e-179                         0                         0 
                    -4500              3.36065e-178                         0                         0 
                    -4495              3.34457e-178                         0                         0 
                    -4490              4.68079e-177                         0                         0 
                    -4485              4.65838e-177                         0                         0 
                    -4480              6.51949e-176                         0                         0 
                    -4475              6.48829e-176                         0                         0 
                    -4470              9.08048e-175                         0                         0 
                    -4465              9.03702e-175                         0                         0 
                    -4460              1.26475e-173                         0                         0 
                    -4455              1.25869e-173                         0                         0 
                    -4450              1.76157e-172                         0                         0 
                    -4445              1.75314e-172                         0                         0 
                    -4440              2.45355e-171                         0                         0 
                    -4435               2.4418e-171                         0                         0 
                    -4430              3.41735e-170                         0                         0 
                    -4425              3.40099e-170                         0                         0 
                    -4420              4.75975e-169                         0                         0 
                    -4415              4.73697e-169                         0                         0 
                    -4410              6.62948e-168                         0                         0 
                    -4405              6.59775e-168                         0                         0 
                    -4400              9.23368e-167                         0                         0 
                    -4395              9.18948e-167                         0                         0 
                    -4390              1.28609e-165                         0                         0 
                    -4385              1.27993e-165                         0                         0 
                    -4380              1.79129e-164                         0                         0 
                    -4375              1.78271e-164                         0                         0 
                    -4370              2.49494e-163                         0                         0 
                    -4365                2.483e-163                         0                         0 
                    -4360                3.475e-162                         0                         0 
                    -4355              3.45837e-162                         0                         0 
                    -4350              4.84005e-161                         0                         0 
                    -4345              4.81689e-161                         0                         0 
                    -4340              6.74132e-160                         0                         0 
                    -4335              6.70906e-160                         0                         0 
                    -4330              9.38945e-159                         0                         0 
                    -4325              9.34451e-159                         0                         0 
                    -4320              1.30778e-157                         0                         0 
                    -4315              1.30152e-157                         0                         0 
                    -4310              1.82151e-156                         0                         0 
                    -4305              1.81279e-156                         0                         0 
                    -4300              2.53703e-155                         0                         0 
                    -4295              2.52489e-155                         0                         0 
                    -4290              3.53363e-154                         0                         0 
                    -4285              3.51671e-154                         0                         0 
                    -4280              4.92171e-153                         0                         0 
                    -4275              4.89815e-153                         0                         0 
                    -4270              6.85506e-152                         0                         0 
                    -4265              6.82224e-152                         0                         0 
                    -4260              9.54786e-151                         0                         0 
                    -4255              9.50216e-151                         0                         0 
                    -4250              1.32985e-149                         0                         0 
                    -4245              1.32348e-149                         0                         0 
                    -4240              1.85224e-148                         0                         0 
                    -4235              1.84337e-148                         0                         0 
                    -4230              2.57983e-147                         0                         0 
                    -4225              2.56748e-147                         0                         0 
                    -4220              3.59324e-146                         0                         0 
                    -4215              3.57604e-146                         0                         0 
                    -4210              5.00474e-145                         0                         0 
                    -4205              4.98078e-145                         0                         0 
                    -4200               6.9707e-144                         0                         0 
                    -4195              6.93734e-144                         0                         0 
                    -4190              9.70894e-143                         0                         0 
                    -4185              9.66246e-143                         0                         0 
                    -4180              1.35228e-141                         0                         0 
                    -4175              1.34581e-141                         0                         0 
                    -4170              1.88348e-140                         0                         0 
                    -4165              1.87447e-140                         0                         0 
                    -4160              2.62335e-139                         0                         0 
                    -4155               2.6108e-139                         0                         0 
                    -4150              3.65386e-138                         0                         0 
                    -4145              3.63637e-138                         0                         0 
                    -4140              5.08917e-137                         0                         0 
                    -4135              5.06481e-137                         0                         0 
                    -4130               7.0883e-136                         0                         0 
                    -4125              7.05438e-136                         0                         0 
                    -4120              9.87273e-135                         0                         0 
                    -4115              9.82548e-135                         0                         0 
                    -4110              1.37509e-133                         0                         0 
                    -4105              1.36851e-133                         0                         0 
                    -4100              1.91445e-132                         0                         0 
                    -4095              1.90528e-132                         0                         0 
                    -4090              2.66641e-131                         0                         0 
                    -4085              2.65364e-131                         0                         0 
                    -4080              3.71381e-130                         0                         0 
                    -4075              3.69604e-130                         0                         0 
                    -4070              5.17268e-129                         0                         0 
                    -4065              5.14792e-129                         0                         0 
                    -4060              7.20461e-128                         0                         0 
                    -4055              7.17012e-128                         0                         0 
                    -4050              1.00347e-126                         0                         0 
                    -4045              9.98669e-127                         0                         0 
                    -4040              1.39766e-125                         0                         0 
                    -4035              1.39097e-125                         0                         0 
                    -4030              1.94669e-124                         0                         0 
                    -4025              1.93737e-124                         0                         0 
                    -4020              2.71138e-123                         0                         0 
                    -4015               2.6984e-123                         0                         0 
                    -4010              3.77647e-122                         0                         0 
                    -4005              3.75839e-122                         0                         0 
                    -4000              5.25994e-121                         0                         0 
                    -3995              5.23477e-121                         0                         0 
                    -3990              7.32615e-120                         0                         0 
                    -3985              7.29109e-120                         0                         0 
                    -3980               1.0204e-118                         0                         0 
                    -3975              1.01552e-118                         0                         0 
                    -3970              1.42124e-117                         0                         0 
                    -3965              1.41443e-117                         0                         0 
                    -3960              1.97953e-116                         0                         0 
                    -3955              1.97005e-116                         0                         0 
                    -3950              2.75713e-115                         0                         0 
                    -3945              2.74393e-115                         0                         0 
                    -3940              3.84018e-114                         0                         0 
                    -3935               3.8218e-114                         0                         0 
                    -3930              5.34868e-113                         0                         0 
                    -3925              5.32308e-113                         0                         0 
                    -3920              7.44975e-112                         0                         0 
                    -3915              7.41409e-112                         0                         0 
                    -3910              1.03762e-110                         0                         0 
                    -3905              1.03265e-110                         0                         0 
                    -3900              1.44521e-109                         0                         0 
                    -3895               1.4383e-109                         0                         0 
                    -3890              2.01292e-108                         0                         0 
                    -3885              2.00329e-108                         0                         0 
                    -3880              2.80364e-107                         0                         0 
                    -3875              2.79022e-107                         0                         0 
                    -3870              3.90497e-106                         0                         0 
                    -3865              3.88627e-106                         0                         0 
                    -3860              5.43892e-105                         0                         0 
                    -3855              5.41288e-105                         0                         0 
                    -3850              7.57543e-104                         0                         0 
                    -3845              7.53917e-104                         0                         0 
                    -3840              1.05512e-102                         0                         0 
                    -3835              1.05007e-102                         0                         0 
                    -3830              1.46959e-101                         0                         0 
                    -3825              1.46256e-101                         0                         0 
                    -3820              2.04688e-100                         0                         0 
                    -3815              2.03708e-100                         0                         0 
                    -3810               2.85094e-99                         0                         0 
                    -3805               2.83729e-99                         0                         0 
                    -3800               3.97084e-98                         0                         0 
                    -3795               3.95184e-98                         0                         0 
                    -3790               5.53067e-97                         0                         0 
                    -3785                5.5042e-97                         0                         0 
                    -3780               7.70323e-96                         0                         0 
                    -3775               7.66636e-96                         0                         0 
                    -3770               1.07292e-94                         0                         0 
                    -3765               1.06779e-94                         0                         0 
                    -3760               1.49439e-93                         0                         0 
                    -3755               1.48723e-93                         0                         0 
                    -3750               2.08141e-92                         0                         0 
                    -3745               2.07145e-92                         0                         0 
                    -3740               2.89904e-91                         0                         0 
                    -3735               2.88516e-91                         0                         0 
                    -3730               4.03784e-90                         0                         0 
                    -3725               4.01851e-90                         0                         0 
                    -3720               5.62398e-89                         0                         0 
                    -3715               5.59706e-89                         0                         0 
                    -3710               7.83319e-88                         0                         0 
                    -3705                7.7957e-88                         0                         0 
                    -3700               1.09102e-86                         0                         0 
                    -3695                1.0858e-86                         0                         0 
                    -3690                1.5196e-85                         0                         0 
                    -3685               1.51232e-85                         0                         0 
                    -3680               2.11653e-84                         0                         0 
                    -3675                2.1064e-84                         0                         0 
                    -3670               2.94794e-83                         0                         0 
                    -3665               2.93383e-83                         0                         0 
                    -3660               4.10596e-82                         0                         0 
                    -3655                4.0863e-82                         0                         0 
                    -3650               5.71886e-81                         0                         0 
                    -3645               5.69149e-81                         0                         0 
                    -3640               7.96534e-80                         0                         0 
                    -3635               7.92722e-80                         0                         0 
                    -3630               1.10943e-78                         0                         0 
                    -3625               1.10412e-78                         0                         0 
                    -3620               1.54524e-77                         0                         0 
                    -3615               1.53784e-77                         0                         0 
                    -3610               2.15223e-76                         0                         0 
                    -3605               2.14193e-76                         0                         0 
                    -3600               2.99768e-75                         0                         0 
                    -3595               2.98333e-75                         0                         0 
                    -3590               4.17523e-74                         0                         0 
                    -3585               4.15524e-74                         0                         0 
                    -3580               5.81534e-73                         0                         0 
                    -3575                5.7875e-73                         0                         0 
                    -3570               8.09972e-72                         0                         0 
                    -3565               8.06095e-72                         0                         0 
                    -3560               1.12815e-70                         0                         0 
                    -3555               1.12275e-70                         0                         0 
                    -3550                1.5713e-69                         0                         0 
                    -3545               1.56378e-69                         0                         0 
                    -3540               2.18854e-68                         0                         0 
                    -3535               2.17807e-68                         0                         0 
                    -3530               3.04825e-67                         0                         0 
                    -3525               3.03366e-67                         0                         0 
                    -3520               4.24566e-66                         0                         0 
                    -3515               4.22534e-66                         0                         0 
                    -3510               5.91345e-65                         0                         0 
                    -3505               5.88514e-65                         0                         0 
                    -3500               8.23637e-64                         0                         0 
                    -3495               8.19694e-64                         0                         0 
                    -3490               1.14718e-62                         0                         0 
                    -3485               1.14169e-62                         0                         0 
                    -3480               1.59781e-61                         0                         0 
                    -3475               1.59017e-61                         0                         0 
                    -3470               2.22547e-60                         0                         0 
                    -3465               2.21481e-60                         0                         0 
                    -3460               3.09968e-59                         0                         0 
                    -3455               3.08484e-59                         0                         0 
                    -3450               4.31729e-58                         0                         0 
                    -3445               4.29662e-58                         0                         0 
                    -3440               6.01321e-57                         0                         0 
                    -3435               5.98443e-57                         0                         0 
                    -3430               8.37532e-56                         0                         0 
                    -3425               8.33523e-56                         0                         0 
                    -3420               1.16653e-54                         0                         0 
                    -3415               1.16095e-54                         0                         0 
                    -3410               1.62477e-53                         0                         0 
                    -3405               1.61699e-53                         0                         0 
                    -3400               2.26301e-52                         0                         0 
                    -3395               2.25218e-52                         0                         0 
                    -3390               3.15197e-51                         0                         0 
                    -3385               3.13688e-51                         0                         0 
                    -3380               4.39012e-50                         0                         0 
                    -3375               4.36911e-50                         0                         0 
                    -3370               6.11466e-49                         0                         0 
                    -3365               6.08539e-49                         0                         0 
                    -3360               8.51662e-48                         0                         0 
                    -3355               8.47585e-48                         0                         0 
                    -3350               1.18621e-46                         0                         0 
                    -3345               1.18053e-46                         0                         0 
                    -3340               1.65218e-45                         0                         0 
                    -3335               1.64427e-45                         0                         0 
                    -3330               2.30119e-44                         0                         0 
                    -3325               2.29017e-44                         0                         0 
                    -3320               3.20514e-43                         0                         0 
                    -3315                3.1898e-43                         0                         0 
                    -3310               4.46419e-42                         0                         0 
                    -3305               4.44282e-42                         0                         0 
                    -3300               6.21781e-41                         0                         0 
                    -3295               6.18805e-41                         0                         0 
                    -3290                8.6603e-40                         0                         0 
                    -3285               8.61884e-40                         0                         0 
                    -3280               1.20622e-38                         0                         0 
                    -3275               1.20045e-38                         0                         0 
                    -3270               1.68005e-37                         0                         0 
                    -3265               1.67201e-37                         0                         0 
                    -3260               2.34001e-36                         0                         0 
                    -3255               2.32881e-36                         0                         0 
                    -3250               3.25922e-35                         0                         0 
                    -3245               3.24362e-35                         0                         0 
                    -3240                4.5395e-34                         0                         0 
                    -3235               4.51777e-34                         0                         0 
                    -3230               6.32271e-33                         0                         0 
                    -3225               6.29245e-33                         0                         0 
                    -3220                8.8064e-32                         0                         0 
                    -3215               8.76425e-32                         0                         0 
                    -3210               1.22657e-30                         0                         0 
                    -3205                1.2207e-30                         0                         0 
                    -3200                1.7084e-29                         0                         0 
                    -3195               1.70022e-29                         0                         0 
                    -3190               2.37949e-28                         0                         0 
                    -3185                2.3681e-28                         0                         0 
                    -3180                3.3142e-27                         0                         0 
                    -3175               3.29834e-27                         0                         0 
                    -3170               4.61609e-26                         0                         0 
                    -3165               4.59399e-26                         0                         0 
                    -3160               6.42938e-25                         0                         0 
                    -3155                6.3986e-25                         0                         0 
                    -3150               8.95497e-24                         0                         0 
                    -3145               8.91211e-24                         0                         0 
                    -3140               1.24727e-22                         0                         0 
                    -3135                1.2413e-22                         0                         0 
                    -3130               1.73722e-21                         0                         0 
                    -3125                1.7289e-21                         0                         0 
                    -3120               2.41963e-20                         0                         0 
                    -3115               2.40805e-20                         0                         0 
                    -3110               3.37011e-19                         0                         0 
                    -3105               3.35398e-19                         0                         0 
                    -3100               4.69396e-18                         0                         0 
                    -3095               4.67149e-18                         0                         0 
                    -3090               6.53785e-17                         0                         0 
                    -3085               6.50655e-17                         0                         0 
                    -3080               9.10605e-16                         0                         0 
                    -3075               9.06246e-16                         0                         0 
                    -3070               1.26831e-14                         0                         0 
                    -3065               1.26224e-14                         0                         0 
                    -3060               1.76653e-13                         0                         0 
                    -3055               1.75807e-13                         0                         0 
                    -3050               2.46045e-12                         0                         0 
                    -3045               2.44868e-12                         0                         0 
                    -3040               3.42697e-11                         0                         0 
                    -3035               3.41057e-11                         0                         0 
                    -3030               4.77315e-10                         0                         0 
                    -3025               4.75031e-10                         0                         0 
                    -3020               6.64814e-09                         0                         0 
                    -3015               6.61632e-09                         0                         0 
                    -3010               9.25967e-08                         0                         0 
                    -3005               9.21535e-08                         0                         0 
                    -3000               1.28971e-06                         0                         0 
                    -2995               1.28353e-06                         0                         0 
                    -2990               1.79633e-05                         0                         0 
                    -2985               1.78773e-05                         0                         0 
                    -2980               0.000250196                         0                         0 
                    -2975                0.00776838                         0                         0 
                    -2970                 0.0157964                         0                 0.0157964 
                    -2965                 0.0228725                         0                 0.0228725 
                    -2960                 0.0296034                         0                 0.0296034 
                    -2955                 0.0300986                         0                 0.0300986 
                    -2950                 0.0249186                         0                 0.0249186 
                    -2945                 0.0223805                         0                 0.0223805 
                    -2940                  0.022138                         0                  0.022138 
                    -2935                 0.0184577                         0                 0.0184577 
                    -2930                 0.0262332                         0                 0.0262332 
                    -2925                 0.0323574                         0                 0.0323574 
                    -2920                 0.0444131                 0.0444131                 0.0444131 
                    -2915                  0.076326                  0.076326                  0.076326 
                    -2910                  0.111535                  0.111535                  0.111535 
                    -2905                  0.129277                  0.129277                  0.129277 
                    -2900                  0.127331                  0.127331                  0.127331 
                    -2895                  0.111382                  0.111382                  0.111382 
                    -2890                  0.077688                  0.077688                  0.077688 
                    -2885                 0.0403171                 0.0403171                 0.0403171 
                    -2880                 0.0140722                         0                         0 
                    -2875                0.00761807                         0                         0 
                    -2870                0.00602225                         0                         0 
                    -2865               0.000957192                         0                         0 
                    -2860                6.8446e-05                         0                         0 
                    -2855               6.87232e-05                         0                         0 
                    -2850               4.87713e-06                         0                         0 
                    -2845               4.87713e-06                         0                         0 
                    -2840                2.7711e-07                         0                         0 
                    -2835                2.7711e-07                         0                         0 
                    -2830                         0                         0                         0 
                    -2825                         0                         0                         0 
                    -2820                         0                         0                         0 
                    -2815                         0                         0                         0 
                    -2810                         0                         0                         0 
                    -2805                         0                         0                         0 
                    -2800                         0                         0                         0 
                    -2795                         0                         0                         0 
                    -2790                         0                         0                         0 
                    -2785                         0                         0                         0 
                    -2780                         0                         0                         0 
                    -2775                         0                         0                         0 
                    -2770                         0                         0                         0 
                    -2765                         0                         0                         0 
                    -2760                         0                         0                         0 
                    -2755                         0                         0                         0 
                    -2750                         0                         0                         0 
                    -2745                         0                         0                         0 
                    -2740                         0                         0                         0 
                    -2735                         0                         0                         0 
                    -2730                         0                         0                         0 
                    -2725                         0                         0                         0 
                    -2720                         0                         0                         0 
                    -2715                         0                         0                         0 
                    -2710                         0                         0                         0 
                    -2705                         0                         0                         0 
                    -2700                         0                         0                         0 
                    -2695                         0                         0                         0 
                    -2690                         0                         0                         0 
                    -2685                         0                         0                         0 
                    -2680                         0                         0                         0 
                    -2675                         0                         0                         0 
                    -2670                         0                         0                         0 
                    -2665                         0                         0                         0 
                    -2660                         0                         0                         0 
                    -2655                         0                         0                         0 
                    -2650                         0                         0                         0 
                    -2645                         0                         0                         0 
                    -2640                         0                         0                         0 
                    -2635                         0                         0                         0 
                    -2630                         0                         0                         0 
                    -2625                         0                         0                         0 
                    -2620                         0                         0                         0 
                    -2615                         0                         0                         0 
                    -2610                         0                         0                         0 
                    -2605                         0                         0                         0 
                    -2600                         0                         0                         0 
                    -2595                         0                         0                         0 
                    -2590                         0                         0                         0 
                    -2585                         0                         0                         0 
                    -2580                         0                         0                         0 
                    -2575                         0                         0                         0 
                    -2570                         0                         0                         0 
